%YAML:1.0
---
model_type: PINHOLE
camera_name: camera
image_width: 640
image_height: 480
distortion_parameters:
   k1: 0.0
   k2: 0.0
   p1: 0.0
   p2: 0.0
projection_parameters:
   fx: 603.420654296875
   fy: 602.5958251953125
   cx: 327.1630859375
   cy: 244.07200622558594

# d = [k1 k2 p1 p2 k3]
# k = [fx s cx 0 fy cy 0 0 1]
# p = k * [r|t] 

#  header: 
#   seq: 0
#   stamp: 
#     secs: 1724398160
#     nsecs: 671713867
#   frame_id: "camera_color_optical_frame"
# height: 480
# width: 640
# distortion_model: "plumb_bob"
# D: [0.0, 0.0, 0.0, 0.0, 0.0]
# K: [603.420654296875, 0.0, 327.1630859375, 0.0, 602.5958251953125, 244.07200622558594, 0.0, 0.0, 1.0]
# R: [1.0, 0.0, 0.0, 0.0, 1.0, 0.0, 0.0, 0.0, 1.0]
# P: [603.420654296875, 0.0, 327.1630859375, 0.0, 0.0, 602.5958251953125, 244.07200622558594, 0.0, 0.0, 0.0, 1.0, 0.0]
# binning_x: 0
# binning_y: 0
# roi: 
#   x_offset: 0
#   y_offset: 0
#   height: 0
#   width: 0
#   do_rectify: False
# ---
# header: 
#   seq: 0
#   stamp: 
#     secs: 1724398160
#     nsecs: 738373535
#   frame_id: "camera_color_optical_frame"
# height: 480
# width: 640
# distortion_model: "plumb_bob"
# D: [0.0, 0.0, 0.0, 0.0, 0.0]
# K: [603.420654296875, 0.0, 327.1630859375, 0.0, 602.5958251953125, 244.07200622558594, 0.0, 0.0, 1.0]
# R: [1.0, 0.0, 0.0, 0.0, 1.0, 0.0, 0.0, 0.0, 1.0]
# P: [603.420654296875, 0.0, 327.1630859375, 0.0, 0.0, 602.5958251953125, 244.07200622558594, 0.0, 0.0, 0.0, 1.0, 0.0]
# binning_x: 0
# binning_y: 0
# roi: 
#   x_offset: 0
#   y_offset: 0
#   height: 0
#   width: 0
#   do_rectify: False
# ---