%YAML:1.0
---
model_type: PINHOLE
camera_name: camera
image_width: 848
image_height: 480
distortion_parameters:
   k1: 0
   k2: 0
   p1: 0
   p2: 0
projection_parameters:
   fx: 611.4509887695312
   fy: 611.4857177734375
   cx: 433.2039794921875
   cy: 249.4730224609375

# D = [k1 k2 p1 p2 k3]
# K = [fx s cx 0 fy cy 0 0 1]
# P = K * [R|t] 

# rosbag play office1-1.bag
# rostopic echo /d400/color/camera_info
# header: 
#   seq: 0
#   stamp: 
#     secs: 1560000083
#     nsecs: 928092241
#   frame_id: "d400_color"
# height: 480
# width: 848
# distortion_model: "Brown Conrady"
# D: [0.0, 0.0, 0.0, 0.0, 0.0]
# K: [611.4509887695312, 0.0, 433.2039794921875, 0.0, 611.4857177734375, 249.4730224609375, 0.0, 0.0, 1.0]
# R: [1.0, 0.0, 0.0, 0.0, 1.0, 0.0, 0.0, 0.0, 1.0]
# P: [611.4509887695312, 0.0, 433.2039794921875, 0.0, 0.0, 611.4857177734375, 249.4730224609375, 0.0, 0.0, 0.0, 1.0, 0.0]
# binning_x: 0
# binning_y: 0
# roi: 
#   x_offset: 0
#   y_offset: 0
#   height: 0
#   width: 0
#   do_rectify: False